bias_a:
  x: -0.270622189893
  y: -0.381407690935
  z: -9.79918
bias_g:
  x: -0.000048050683
  y: 0.000271537203
  z: 0.000030537936
