bias_a:
  x: -0.27062
  y: -0.38141
  z: -9.79918
bias_g:
  x: -0.00005
  y: 0.00027
  z: 0.00003
