bias_a:
  x: -0.006297684069
  y: -0.007435770326
  z: -9.875759062534
bias_g:
  x: 0.017718423221
  y: 0.007609871773
  z: 0.000587707634
