bias_a:
  x: -0.000072769284
  y: 0.003005628687
  z: -9.799155984083
bias_g:
  x: -0.005012324803
  y: 0.005689578999
  z: -0.000381015826
